4294967278,545
4294967279,360
4294967278,544
4294967279,359
4294967278,543
4294967279,358
4294967279,119
4294967279,118
4294967279,117
4294967279,116
4294967278,542
4294967279,126
4294967279,125
4294967279,124
4294967279,123
4294967279,122
4294967279,121
4294967279,120
4294967278,541
4294967279,357
4294967278,540
4294967278,6
4294967278,5
4294967278,4
4294967279,132
4294967279,131
4294967279,130
4294967279,129
4294967279,128
4294967279,127
4294967279,356
4294967278,539
4294967278,538
4294967278,23
4294967278,22
4294967278,21
4294967278,20
4294967278,19
4294967278,18
4294967278,17
4294967278,16
4294967278,15
4294967278,14
4294967278,13
4294967278,12
4294967278,11
4294967278,10
4294967278,9
4294967278,8
4294967278,7
4294967279,355
4294967278,537
11,100
11,99
11,98
11,97
11,96
11,95
11,94
11,93
11,92
11,91
11,90
11,89
11,88
11,87
11,86
11,85
11,84
11,83
11,82
11,81
11,80
11,79
11,78
11,77
11,76
11,75
11,74
11,73
11,72
11,71
11,70
11,69
11,68
11,67
11,66
11,65
11,0
11,64
11,38
11,37
11,36
11,35
11,34
11,33
11,32
11,31
11,30
11,29
11,28
11,27
11,26
11,25
11,24
11,23
11,22
11,21
11,20
11,19
11,18
11,17
11,16
11,15
11,14
11,13
11,12
11,11
11,10
11,9
4294967279,354
4294967279,353
4294967278,536
4294967278,150
4294967278,36
4294967278,35
4294967278,34
4294967278,33
4294967278,31
4294967278,29
4294967278,28
4294967278,27
4294967278,26
4294967278,25
4294967278,24
4294967279,15
4294967279,13
4294967278,149
4294967278,148
4294967278,147
4294967279,352
4294967278,146
4294967279,351
4294967278,145
4294967278,535
4294967278,32
4294967279,350
4294967278,143
4294967279,349
4294967278,534
4294967278,30
4294967279,348
4294967294,5
4294967278,533
4294967279,347
4294967279,346
4294967278,532
4294967279,345
4294967279,174
4294967278,531
4294967279,136
4294967279,135
4294967279,133
4294967279,273
4294967279,20
4294967279,271
4294967279,19
4294967279,281
11,8
4294967279,344
4294967279,18
4294967279,343
4294967279,17
11,7
4294967279,279
4294967279,342
4294967279,14
4294967278,530
4294967279,264
4294967279,341
4294967279,258
4294967278,529
4294967278,528
4294967278,527
4294967279,340
4294967278,526
4294967279,339
4294967278,525
4294967279,338
4294967278,524
4294967279,337
4294967278,523
4294967279,336
4294967278,522
4294967279,335
4294967278,521
4294967278,520
4294967294,42
4294967294,99
4294967294,76
4294967294,41
4294967294,52
4294967278,254
4294967278,252
4294967279,334
4294967278,251
4294967279,333
4294967278,249
4294967279,332
4294967278,247
4294967278,245
4294967278,243
4294967278,241
4294967278,239
4294967279,331
4294967278,519
4294967278,518
4294967279,330
4294967278,235
4294967278,233
4294967278,231
4294967278,229
4294967278,227
4294967278,225
4294967278,223
4294967278,221
4294967278,219
4294967278,217
4294967278,215
4294967278,517
4294967279,329
4294967278,516
4294967279,328
4294967278,515
4294967279,327
4294967278,514
4294967279,326
4294967278,513
4294967279,325
4294967278,512
4294967279,324
4294967278,319
4294967279,323
4294967278,318
4294967279,322
4294967278,317
4294967279,321
4294967278,316
4294967279,320
4294967278,315
4294967279,319
4294967278,314
4294967279,318
4294967278,313
4294967279,317
4294967278,312
4294967279,316
4294967278,311
4294967279,315
4294967278,310
4294967279,314
4294967278,309
4294967279,313
4294967278,308
4294967279,312
4294967278,307
4294967279,311
4294967278,306
4294967279,310
4294967278,305
4294967279,309
4294967278,304
4294967279,308
4294967278,303
4294967279,307
4294967278,302
4294967279,306
4294967278,301
4294967279,305
4294967278,300
4294967279,304
4294967278,299
4294967279,303
4294967278,298
4294967279,302
4294967278,297
4294967279,301
4294967278,296
4294967279,300
4294967278,295
4294967279,299
4294967278,294
4294967279,298
4294967278,293
4294967279,297
4294967278,292
4294967279,296
4294967278,291
4294967279,295
4294967278,290
4294967279,294
4294967278,289
4294967279,293
4294967278,288
4294967279,292
4294967294,12
4294967278,175
4294967278,287
4294967278,0
4294967279,291
4294967278,171
4294967294,22
4294967294,1424
4294967294,1423
4294967278,170
4294967278,169
13,8
13,7
4294967278,168
13,6
13,5
4294967278,167
13,4
13,3
13,2
13,1
4294967279,290
4294967278,166
4294967294,472
4294967278,165
4294967278,164
12,6
12,5
4294967278,163
12,4
12,3
12,2
12,1
4294967279,289
4294967278,162
4294967278,161
4294967278,160
11,6
11,5
4294967278,159
11,4
11,3
11,2
11,1
4294967279,288
4294967278,158
4294967278,157
4294967278,156
10,5
10,4
4294967278,155
10,3
10,2
10,1
4294967278,286
4294967278,154
4294967278,153
9,9
4294967278,152
9,8
9,7
4294967278,151
9,6
9,5
9,4
9,3
9,2
9,1
4294967279,287
